10 10 8
 0.18257506
  -0.14337642
  -0.02033806
  -0.06338598
  -0.06997294
  -0.20846124
  -0.26801088
  -0.11821587
   0.13609517
  -0.04770001

  0.1906691 
  -0.06241879
   0.03595131
   0.12881605
  -0.07554878
  -0.17689639
  -0.32994813
  -0.06631199
   0.08628898
   0.04897712

  0.12640782
   0.00575423
   0.20495811
   0.17719075
  -0.18801232
  -0.3124983 
  -0.45515606
  -0.08402919
  -0.05765105
  -0.02063588

  0.18626663
   0.00502724
   0.11338979
   0.07254367
  -0.07436348
  -0.50958592
  -0.17066865
  -0.17745511
   0.11937553
   0.03771488

  0.149213  
   0.13096195
   0.12700856
   0.06945116
  -0.09705541
  -0.35350722
  -0.17385414
   0.03855887
   0.23108637
   0.13187367

  0.06673913
  -0.10756105
   0.09422495
  -0.17871256
  -0.25325051
  -0.30703357
   0.00600563
   0.14411765
   0.32187185
   0.18865392

  0.17003892
  -0.04415873
   0.06691657
  -0.03438859
  -0.333101  
  -0.04965344
   0.17962278
   0.42432499
   0.17378961
   0.02921486

 -0.05898661
  -0.06982038
  -0.05260257
  -0.13156189
  -0.10284873
   0.04421478
   0.17984065
   0.22936761
   0.12023266
  -0.10346895

 -0.01357143
   0.07100628
  -0.13541503
  -0.02093927
   0.0225438 
  -0.06552265
   0.25198635
   0.28666374
  -0.02996856
  -0.11905137

 -0.07195679
  -0.04045971
  -0.06940753
   0.04230886
   0.15527289
   0.41462812
   0.48184839
   0.25265267
   0.10069685
  -0.17419913
  2.58763582e-02
    2.57082675e-02
    2.55811810e-02
    3.39896698e-03
   -1.47547588e-01
   -5.64958692e-01
   -6.58436716e-01
   -4.24621642e-01
   -2.94806063e-01
   -1.42887026e-01

   6.86519518e-02
   -3.70238051e-02
    3.00244000e-02
   -5.36785759e-02
   -1.22931339e-01
   -1.31942436e-01
   -3.34094286e-01
   -5.29679835e-01
   -3.77103835e-01
   -3.48867893e-01

   1.36771888e-01
    1.17621355e-01
    1.51974767e-01
    2.93394893e-01
    3.22335929e-01
    3.62254977e-01
    2.99992174e-01
    1.21048532e-01
    9.65779200e-02
   -3.91705632e-01

   4.98253992e-03
    3.88503298e-02
    1.93997800e-01
    2.97963560e-01
    5.46866834e-01
    4.97845858e-01
    5.42146921e-01
    3.86238247e-01
    3.12401026e-01
    6.64912686e-02

   4.28634742e-03
    4.22080643e-02
    1.52733428e-02
    1.43819764e-01
    4.68462944e-01
    5.17749965e-01
    3.42253327e-01
    3.67337137e-01
    3.03755283e-01
    6.97794780e-02

  -1.64762691e-01
   -6.53262362e-02
   -1.20181434e-01
   -9.40586552e-02
    5.51247895e-02
    2.20851302e-01
    2.53011435e-01
    1.17745817e-01
    9.37366709e-02
    7.32753575e-02

   1.11597171e-02
   -1.91290930e-01
   -3.59760225e-01
   -3.95347595e-01
   -5.65838337e-01
   -2.87737012e-01
   -2.20316797e-01
   -7.91388601e-02
    1.97184924e-03
   -5.98492334e-03

  -8.22011456e-02
    2.70965006e-02
   -1.92714483e-01
   -3.80677074e-01
   -4.56681013e-01
   -3.81475151e-01
   -1.37596130e-01
   -1.03032008e-01
   -3.67220724e-03
    1.53248593e-01

   6.81564361e-02
    8.00108761e-02
    2.34564561e-02
   -4.26902585e-02
    3.98636214e-04
    5.40806949e-02
   -4.70504770e-03
   -3.26717943e-02
    7.29844570e-02
    4.08738764e-04

  -1.35044158e-02
   -7.10607842e-02
    1.65624812e-01
    6.92783296e-02
    1.31532297e-01
   -6.13743179e-02
    5.71473055e-02
    3.07028443e-02
    1.55100413e-02
    3.45499441e-02
-0.14071366
   0.02534931
   0.1153894 
   0.10254064
  -0.06544153
  -0.03757642
  -0.00129414
  -0.10835824
   0.08951288
   0.03759086

  0.11600681
  -0.02923587
   0.01368468
   0.17647214
  -0.20145343
  -0.08696854
  -0.01195623
   0.03497387
   0.10403468
   0.0868481 

  0.1416337 
   0.13870868
  -0.02784931
   0.08590541
  -0.06670777
  -0.12411699
  -0.01941297
   0.08138258
   0.105728  
  -0.07115139

  0.22380464
   0.22155352
  -0.02419759
  -0.08677947
  -0.31100202
  -0.09389732
   0.13720888
  -0.02733121
  -0.06709841
  -0.03463693

  0.2080417 
   0.18060248
   0.07029398
  -0.01571544
  -0.0084115 
   0.0807825 
   0.08545026
   0.12162913
   0.05703147
   0.12106179

  0.06182015
   0.06331521
   0.10877824
   0.15418538
  -0.01827032
   0.17934491
  -0.06025495
   0.14898559
   0.10090081
   0.0328205 

 -0.00163088
   0.08030955
   0.01858251
  -0.07440218
   0.19643904
   0.00289741
  -0.13836643
   0.00871565
  -0.09731878
   0.01452095

 -0.15438242
  -0.01276958
  -0.00205357
  -0.25971833
   0.11939366
   0.03786348
  -0.00568633
  -0.04223597
   0.07877323
   0.1434532 

  0.00882104
  -0.01428026
  -0.09986467
   0.03899598
   0.06794026
   0.23741949
   0.05155863
   0.25931266
   0.08294679
   0.2981005 

 -0.13781346
   0.00244172
   0.0107975 
  -0.04636475
   0.0642509 
   0.0816965 
   0.17332916
  -0.00681426
  -0.04222426
   0.1473712 
-0.11014091
   0.03597865
   0.03334874
   0.12139983
   0.07542172
   0.02807344
   0.08574802
  -0.06575643
   0.00618809
   0.0663181 

  0.1697163 
  -0.17209716
  -0.05209118
  -0.00584749
   0.09521212
   0.10311244
   0.12702835
   0.00075364
  -0.05658141
   0.00682665

  0.00709043
  -0.07781801
  -0.09892271
  -0.13402915
  -0.01564661
   0.15161322
   0.33632061
   0.21688485
  -0.0844597 
  -0.21766056

  0.08182223
  -0.07237101
  -0.20727029
  -0.42978069
   0.16362357
   0.31881264
   0.42455596
   0.08867761
  -0.33428037
  -0.40871707

 -0.01235668
  -0.22455806
  -0.35627019
  -0.31083474
   0.31800187
   0.39326814
   0.63094044
   0.1091647 
  -0.54066676
  -0.29793131

 -0.13885297
  -0.25674886
  -0.52154946
  -0.28106248
   0.41087112
   0.44680691
   0.47872147
   0.07003161
  -0.35128644
  -0.17929836

 -0.07907181
  -0.26999277
  -0.279091  
  -0.26238823
   0.27407706
   0.34440979
   0.34309807
   0.08018091
  -0.21595797
  -0.02246754

 -0.11889736
  -0.04503869
  -0.25362736
  -0.21257411
   0.1900104 
   0.29818258
   0.2807982 
  -0.01132848
  -0.12170934
  -0.02825174

  0.01359518
  -0.01321888
  -0.09234367
  -0.08854765
   0.08690425
   0.04154179
   0.28338903
   0.05779043
   0.09484559
  -0.08262657

  0.00861657
   0.13539754
  -0.02728545
  -0.11142612
   0.14472961
  -0.16533966
   0.06259408
   0.07483815
   0.13980605
  -0.00991171
-0.11953601
  -0.0175377 
  -0.07569553
   0.0863686 
   0.06252782
   0.12959844
  -0.04516675
   0.27397135
   0.06634405
  -0.10544485

  0.01658693
   0.12540781
   0.07777449
   0.16269358
   0.09940378
  -0.00291435
  -0.15696943
   0.20020545
   0.21823904
   0.06529176

  0.18811505
   0.01998756
   0.09918786
   0.04851565
   0.10636549
   0.02424187
   0.03806046
   0.20003447
   0.27370885
  -0.03135988

  0.07848986
   0.08663185
   0.09391727
   0.13621569
   0.00369739
   0.11324435
  -0.08694189
   0.16010898
   0.03040314
   0.0708369 

  0.17107531
   0.15301913
  -0.02130996
   0.09947972
   0.05855374
   0.04219326
  -0.16170491
   0.28674197
   0.19651771
   0.0813201 

  0.15757999
  -0.01612308
   0.09643917
   0.05988642
   0.01660276
   0.13243006
   0.00326225
   0.1614183 
   0.07074576
   0.20561896

  0.04706498
   0.05251298
   0.10852879
   0.1674788 
   0.10606609
   0.11093781
   0.05445207
   0.26467413
   0.07526943
   0.06136089

 -0.19641468
  -0.08308994
  -0.17381249
  -0.06278725
   0.135194  
   0.06221357
   0.04105829
   0.17900878
   0.05975601
   0.07727475

 -0.34757504
  -0.23042431
  -0.22569093
  -0.30477649
  -0.24614136
  -0.01184722
  -0.1086328 
  -0.03784967
   0.01161554
  -0.23572776

 -0.25822333
  -0.41705999
  -0.18600458
  -0.21120113
  -0.30605146
  -0.32910043
  -0.2445578 
  -0.25672492
  -0.28732064
  -0.27185029
 0.21513049
   0.07794055
  -0.01690494
   0.15264761
   0.21218626
   0.12254633
   0.06768012
   0.05568926
   0.09190151
   0.03435196

  0.17740135
   0.18225087
   0.21861729
   0.01429642
  -0.00838728
   0.02910527
   0.11889048
   0.06952304
   0.036631  
   0.16163793

  0.02941193
   0.02233748
   0.00428234
   0.00085908
   0.05545252
   0.07448231
  -0.02801459
   0.03049915
   0.13551745
   0.07047086

  0.17178394
   0.02231816
  -0.04162081
  -0.01527617
  -0.01668266
   0.12148063
   0.16173013
   0.14332741
   0.02575671
   0.12162551

  0.18625563
   0.10798203
   0.26093575
   0.08733802
   0.09645577
   0.23747255
   0.07518293
  -0.02528975
   0.09012969
   0.21115679

  0.17342526
   0.16734584
   0.15097648
   0.08211967
   0.20585342
  -0.03370371
  -0.08618016
  -0.04679358
  -0.02381206
   0.15982074

  0.1512883 
   0.10542049
   0.0129187 
   0.06590006
  -0.00623717
   0.1276152 
   0.11361254
  -0.03654748
   0.00395849
   0.05475314

  0.15283509
   0.09216612
   0.0692547 
   0.04705054
   0.16117105
  -0.0116584 
   0.04267652
   0.16602577
   0.21076733
   0.22940558

  0.33833006
   0.07830194
   0.11634751
   0.06193002
   0.09869619
   0.03365538
   0.02952405
   0.18724786
   0.0566832 
   0.28081372

  0.35901779
   0.08151092
  -0.00776349
   0.09796866
   0.05153692
   0.21573694
   0.15388881
   0.03911432
   0.34564501
   0.39206171
 0.07989426
  -0.15269917
  -0.02089702
   0.11994758
   0.12606603
   0.07482702
   0.11875415
   0.29282573
  -0.03899245
  -0.08829428

  0.01788218
  -0.03922255
  -0.01533309
   0.01749914
   0.0567424 
   0.15723111
   0.1710059 
   0.01427038
   0.1607296 
   0.04199011

  0.0961505 
   0.06808455
   0.19423607
  -0.03287069
  -0.05537353
   0.06722476
  -0.03202754
   0.06339625
   0.17578451
   0.1864607 

  0.01048192
   0.10823199
   0.06673578
  -0.06228314
   0.0822929 
  -0.01361919
   0.06764112
   0.09405692
   0.16767232
   0.25555548

  0.20171411
  -0.11437481
   0.09345726
   0.11831402
   0.10038041
  -0.09416193
  -0.16933599
  -0.05091026
   0.16087456
   0.176448  

  0.00140895
   0.09815483
  -0.15551515
  -0.16289692
  -0.05719387
  -0.04294957
  -0.04258511
   0.18134142
   0.03044814
   0.35793835

 -0.09382703
  -0.09614269
  -0.05660466
  -0.14522167
  -0.09271412
   0.05476202
  -0.02778034
   0.03725377
   0.26882613
   0.16400567

  0.14538088
   0.14107364
   0.10243127
  -0.07573777
   0.06570634
   0.21575457
   0.08829342
   0.35716543
   0.11983182
   0.07510923

  0.22813912
   0.19476683
   0.04415052
   0.03087777
   0.26111376
   0.03500108
  -0.00428294
   0.14022069
   0.00270521
   0.21111001

  0.21458839
   0.17104943
   0.22603482
   0.11356342
   0.26049396
   0.15131028
   0.01598126
   0.08420283
   0.14350297
   0.13712364
-0.2731266 
  -0.12737507
   0.11654604
   0.12204817
   0.09115775
  -0.00315725
  -0.0134502 
   0.05450462
  -0.16538216
  -0.18459786

 -0.08107579
   0.00823845
   0.03732092
   0.09976174
   0.25926813
   0.17057396
   0.04421312
   0.09126394
   0.2068278 
  -0.15809882

 -0.10258841
  -0.11038882
   0.02917838
   0.01745485
   0.03779503
   0.13906863
   0.11481089
  -0.00376265
   0.09588376
  -0.06764464

  0.04331657
   0.03004373
  -0.04310222
   0.05094397
   0.01594325
  -0.02671473
  -0.14335594
  -0.07892016
  -0.00246604
   0.11531603

  0.09388028
   0.10508911
   0.04657646
   0.02752594
  -0.15396959
  -0.19942699
  -0.12085206
  -0.01516018
   0.11343773
   0.40586063

 -0.10464796
   0.08701249
  -0.09477472
  -0.20397352
  -0.19794698
  -0.09255501
   0.22623655
   0.3537783 
   0.45460713
   0.30159336

 -0.18829803
   0.02972597
  -0.09327394
   0.02021696
   0.03204314
   0.29711524
   0.30124304
   0.41255268
   0.13853925
  -0.00415677

 -0.06363401
  -0.02745503
   0.14521699
   0.08090525
   0.33434588
   0.22676146
   0.28204176
   0.26203513
   0.04702274
  -0.36838284

 -0.12458908
   0.03436982
   0.18870284
   0.27290133
   0.19390623
   0.30323294
   0.04832655
  -0.09895864
  -0.1383754 
  -0.3954235 

 -0.22860599
   0.11616858
   0.11400186
   0.18875514
  -0.08451886
  -0.07233721
  -0.24586676
  -0.37708732
  -0.39356896
  -0.40483737
