 1 512
  0.08074755  0.08352232  0.06168501  0.06107353  0.05048264  0.05296714
  0.05264648  0.069266    0.07583978  0.04484563  0.06561549  0.07307968
  0.06745001  0.06841966  0.06427912  0.08015877  0.08729095  0.06125673
  0.06562117  0.09264117  0.05148475  0.09301111  0.07009091  0.05828105
  0.07844278  0.05931116  0.067366    0.0380914   0.05632572  0.05655374
  0.06463285  0.05668073  0.06190657  0.06438614  0.09504642  0.06294668
  0.0841374   0.06919216  0.06552121  0.05833378  0.06000566  0.07422072
  0.04649128  0.06238749  0.05829519  0.07223666  0.04689079  0.08259054
  0.05098657  0.07340817  0.06993182  0.09849948  0.04990492  0.06610553
  0.06891931  0.06568527  0.05802228  0.05456795  0.05195357  0.0440628
  0.05153709  0.06950425  0.07004432  0.06198557  0.06550157  0.05731045
  0.04637001  0.05655436  0.05107535  0.08211489  0.07774391  0.0785918
  0.06009581  0.08836029  0.07398862  0.04255925  0.05120623  0.05811635
  0.04111519  0.0650188   0.04382885  0.06951808  0.06903344  0.07229644
  0.06068053  0.05225481  0.06137406  0.05521526  0.05216074  0.06989775
  0.05123379  0.03717419  0.0654187   0.0766592   0.07951156  0.08251744
  0.05836506  0.03792396  0.07438465  0.04355453  0.07270984  0.06417186
  0.10841647  0.04734498  0.07763851  0.04661431  0.06752463  0.09587366
  0.04558218  0.03895987  0.05927206  0.04735488  0.08076257  0.05550098
  0.05498767  0.07361333  0.06667684  0.06797364  0.05632661  0.04426071
  0.06724983  0.04291636  0.06519173  0.07390252  0.0587187   0.08207364
  0.05575413  0.05402872  0.08930897  0.06064683  0.03497108  0.05285279
  0.07795729  0.05949984  0.0661362   0.089258    0.08515573  0.05633878
  0.06265109  0.06529538  0.0748546   0.07081351  0.06060894  0.07289739
  0.06623212  0.07773681  0.05531913  0.05825144  0.06759152  0.04279105
  0.04273772  0.08836801  0.05121036  0.03249877  0.04591051  0.05618997
  0.08735978  0.05606926  0.07878124  0.06998592  0.11917577  0.0506836
  0.06303109  0.06441461  0.07461748  0.07408166  0.09087566  0.05751495
  0.07392637  0.06227489  0.06815162  0.03953321  0.03904912  0.0868948
  0.0742799   0.0528044   0.08962546  0.08114126  0.05978727  0.0623977
  0.08014237  0.05906373  0.07397263  0.06416271  0.06610239  0.06158013
  0.0580312   0.07202755  0.08187828  0.08562615  0.08617106  0.07439362
  0.09148108  0.04968346  0.02022252  0.06331573  0.06673555  0.07241271
  0.06607196  0.05408629  0.0428971   0.08973351  0.07996679  0.07353728
  0.08762378  0.05982504  0.06139435  0.06502137  0.05161484  0.05509129
  0.08558772  0.05397357  0.07270265  0.0533744   0.0906858   0.04527941
  0.04590282  0.06073025  0.05953609  0.07420419  0.07067508  0.07209291
  0.09135063  0.061555    0.0613399   0.07811569  0.04519957  0.0751109
  0.02835136  0.06891761  0.09134987  0.07692549  0.0542874   0.07165859
  0.04496305  0.04932611  0.07540368  0.06246639  0.06961177  0.02035803
  0.0433678   0.07855976  0.05243634  0.0413076   0.05838216  0.06783853
  0.06578554  0.05858698  0.05026583  0.07507213  0.05245191  0.04221375
  0.06353796  0.06774358  0.0611972   0.07973929  0.06445886  0.02698714
  0.08086744  0.06781407  0.0673756   0.08091894  0.07805225  0.0784258
  0.02897342  0.07295384  0.06497045  0.06286202  0.05438181  0.05707658
  0.06557151  0.06989504  0.04644176  0.07292046  0.05767246  0.06311048
  0.05332903  0.06584196  0.0213094   0.07764339  0.02524564  0.06469168
  0.05595915  0.05936395  0.03862204  0.05836803  0.0975281   0.06566989
  0.06728742  0.0414896   0.06795278  0.05412968  0.07726985  0.063647
  0.04833805  0.03768077  0.05931579  0.04479482  0.08721514  0.04356428
  0.04920226  0.04296731  0.05186571  0.08305414  0.07339086  0.04775388
  0.09371288  0.06006727  0.06532506  0.05204595  0.05482063  0.06801217
  0.04879487  0.04669626  0.06531392  0.06573214  0.06332637  0.06083594
  0.05478266  0.05218203  0.10656911  0.04137519  0.06394189  0.06955742
  0.05984375  0.06865641  0.06014793  0.07990897  0.05969128  0.06634988
  0.0495493   0.07905553  0.07801546  0.05173098  0.07718536  0.0493252
  0.05810637  0.03634301  0.07923053  0.05018925  0.06521831  0.072224
  0.06123764  0.04064156  0.06462427  0.04595852  0.08496053  0.06440494
  0.0863677   0.05472463  0.05176235  0.06411414  0.0260176   0.0580545
  0.06339484  0.07149404  0.07242173  0.08737315  0.04034518  0.07462972
  0.08865883  0.07000788  0.05092574  0.06557597  0.06091133  0.0624745
  0.07988165  0.06306409  0.06740449  0.03871419  0.04336749  0.0746138
  0.05816066  0.06915952  0.07692066  0.10658477  0.05774667  0.06043913
  0.03385153  0.06167699  0.06616323  0.07588575  0.05269253  0.09014449
  0.06047399  0.07044642  0.03971932  0.06270368  0.07855224  0.06399481
  0.03264553  0.0518171   0.04641755  0.06188661  0.0868886   0.09092341
  0.05637698  0.02950583  0.08910567  0.06154611  0.05553705  0.07527529
  0.05974301  0.04795581  0.03303353  0.07986727  0.06775145  0.07463443
  0.05749815  0.06777607  0.04080002  0.08540446  0.04813325  0.06322172
  0.06918342  0.06933454  0.05434667  0.07436091  0.04893212  0.0673657
  0.06419463  0.04763965  0.04221353  0.06850019  0.07656027  0.04840624
  0.07673356  0.05761466  0.05251785  0.06672951  0.06438775  0.07180613
  0.06364801  0.04701207  0.04361894  0.05140897  0.08281583  0.06744072
  0.09500399  0.05732356  0.06089777  0.07286955  0.0706616   0.06396881
  0.06596206  0.05241575  0.06234593  0.06478835  0.06983683  0.06408332
  0.03511728  0.0538297   0.0686245   0.0426074   0.04746872  0.04389658
  0.0559056   0.06325927  0.06317987  0.05104932  0.05376749  0.06852133
  0.04310416  0.06797163  0.06697684  0.03497206  0.06524914  0.06475551
  0.06221822  0.04749023  0.08587182  0.0503733   0.06572122  0.06806361
  0.0465291   0.05241023  0.04602228  0.02705874  0.04364639  0.06945369
  0.04112302  0.06502771  0.05170697  0.06521544  0.07716839  0.05322151
  0.05941504  0.07840081  0.06533724  0.07891785  0.07764598  0.07282816
  0.04938091  0.07387723  0.07356063  0.06770533  0.0926131   0.05276017
  0.04281789  0.05933787  0.07905537  0.07174383  0.06471807  0.06980516
  0.05935421  0.04474475  0.05797751  0.09147115  0.07047627  0.07149064
  0.08319425  0.07393651
