512 10
0.0885666
0.081817
-0.16808
-0.108495
-0.00384293
0.0186191
0.0797057
-0.105572
0.00268731
-0.0911973
-0.0973267
0.0677158
0.140024
-0.105384
-0.100013
0.00724327
-0.0272877
-0.137729
0.0625372
0.0337909
0.0474943
-0.0824164
-0.0211185
-0.12043
0.0317734
-0.0875174
0.10963
0.0517565
-0.0504256
0.0956759
0.113081
-0.0629781
-0.0374477
0.0823026
-0.059118
-0.0641503
0.0985684
0.0743617
0.0344309
-0.00567613
-0.0693984
0.0402662
0.01471
0.0436651
0.0213262
0.0236209
-0.151717
-0.0154981
-0.13964
-0.0239081
0.110256
0.0832375
0.114961
0.107968
-0.141459
-0.147174
-0.0740744
0.025769
0.0678009
-0.0536064
0.162814
-0.0967796
0.0155655
0.0209885
0.0630786
0.0741723
0.167454
0.0929066
0.0122097
-0.0452251
-0.113818
-0.0906558
0.122716
-0.0346683
-0.0742783
0.0514075
0.0664148
-0.0928246
-0.146757
0.0168832
0.0334571
0.0627411
0.185483
0.000297323
-0.0496133
0.125641
0.00010606
0.130789
-0.147689
-0.133212
-0.0599942
-0.0633978
0.124469
0.0985826
-0.0261391
0.123846
-0.122882
-0.103867
-0.0376968
0.0569499
0.0912145
0.0990009
0.070568
0.0599587
0.0384252
-0.0608276
0.02667
0.0257633
-0.0874055
0.000113321
0.051562
-0.0322467
-0.159014
-0.000410008
-0.155397
0.0205698
0.115766
-0.0399267
0.0188543
0.106909
-0.0371253
0.111879
0.145392
0.111235
-0.036904
-0.120117
0.0108419
0.109043
-0.0997267
-0.0775149
0.0412602
0.025781
-0.0873195
-0.058002
0.0324959
0.00719687
0.0955159
-0.137271
0.054966
-0.137712
0.0101729
0.0666773
-0.0790355
-0.0537437
0.0423669
0.0254573
-0.0685505
-0.0412468
0.112422
-0.00639014
0.138849
0.00978638
0.144904
-0.0897288
0.0535275
-0.0570238
0.111974
0.0294287
-0.115679
-0.16359
0.114775
0.000732048
-0.0242767
-0.167828
0.0911383
-0.0250628
0.0891001
-0.0727131
0.131891
-0.0190858
0.0780927
-0.0711873
-0.0666728
-0.0602663
0.0317957
-0.182524
0.0888384
-0.0661505
0.0572991
0.140176
0.0083388
-0.0531279
0.0346808
-0.0622098
-0.021177
0.0836816
0.14225
0.147699
-0.200798
-0.00100978
-0.130676
0.0348501
-0.151638
-0.0280556
0.0315908
-0.121282
0.00594523
0.0255767
-0.0419571
0.0249447
-0.0635714
-0.00111895
-0.0899655
-0.00869158
-0.042624
-0.0310623
0.0730471
0.0341093
0.0113956
-0.0669319
0.00507047
0.021721
-0.0218414
-0.170629
0.0526438
0.213641
0.0951653
-0.158685
0.0265465
-0.123682
0.0740995
0.0965206
0.0754236
-0.0923297
-0.180538
-0.0116641
-0.0677043
-0.0196271
0.0958041
-0.00717705
-0.0332268
-0.051961
-0.0642691
-0.0634628
-0.0540858
0.0379178
-0.163104
-0.101649
0.0966111
-0.00996642
0.0846775
-0.0352702
-0.119201
-0.0347751
0.0454851
0.0807178
0.000292026
0.0253553
-0.0302871
0.14538
0.142889
0.0598294
0.185801
0.0152712
-0.151157
-0.183152
-0.00951194
0.112074
0.0578667
0.0781199
-0.0640569
-0.0357332
0.0754456
0.025382
-0.108378
0.0643389
0.117625
-0.112546
-0.105315
-0.127986
-0.0655805
0.0728369
-0.0867773
0.135502
-0.132512
0.0775518
-0.165717
-0.0756379
0.0943017
0.0421279
-0.113213
0.156168
0.0298997
0.0462674
0.0661895
0.0121229
-0.0170818
-0.0136472
0.10046
0.0177916
0.0522689
0.0936124
-0.0438206
-0.0780587
0.100643
0.0675286
0.00100907
0.0695285
-0.141707
-0.0685254
-0.0337691
0.0269349
0.0814625
-0.0536129
0.0957466
0.028699
0.0421083
-0.0189199
-0.03153
-0.0798212
0.00671631
-0.11378
-0.0446445
0.0643163
-0.147072
0.161853
-0.003162
-0.0577158
0.0132111
0.0513466
-0.0737005
-0.00147514
0.16476
-0.0161257
-0.00809519
-0.0615123
0.167803
0.0671064
0.0133819
-0.09605
0.107811
-0.0469021
-0.00872467
-0.00279012
-0.132029
0.0631899
0.00755997
-0.0962773
0.132965
0.0442981
-0.127687
0.137322
0.0511741
-0.102334
0.156475
0.019328
0.000276479
0.0520451
-0.0547794
-0.0512205
0.040517
0.0404999
0.141713
-0.0281886
0.0586808
-0.115492
-0.0390183
0.0113182
0.0683869
-0.018433
-0.0950567
0.0950637
-0.0564899
-0.207448
0.0803088
0.14857
0.0498025
-0.0372155
-0.0709379
0.0176663
0.027697
0.0817995
-0.179642
0.00680504
-0.0930426
0.0373552
0.0412665
0.0671372
0.0269432
0.0812908
0.0518488
-0.185506
-0.119523
0.0897735
0.0209825
0.0604776
0.0638475
-0.00699367
0.057401
0.0653959
0.0837387
-0.0341646
-0.162951
-0.126592
0.100478
0.0426014
0.0244866
0.00713815
0.0225295
0.0587593
-0.143466
-0.0245904
-0.163148
0.0634828
0.0607773
0.0594701
-0.047934
-0.154358
0.0355158
0.0215775
-0.0462731
0.0912853
-0.174253
-0.017612
0.0428318
0.061859
0.112473
-0.0843456
0.102112
-0.0558413
-0.131166
0.101319
0.0248749
-0.0724102
0.0418329
-0.0449134
-0.00759751
0.0427453
-0.0851383
-0.00658871
-0.0317686
-0.155197
0.00554638
-0.187582
-0.0998183
0.0679093
-0.0847201
0.110933
0.0574345
-0.0263933
0.0167958
-0.0740635
0.0975611
0.0700564
-0.0187295
-0.135342
-0.119549
0.0860406
0.129283
-0.0139144
-0.0712722
0.0960736
0.0480525
-0.0231242
0.0874999
0.131364
-0.127332
-0.0800091
0.00912012
-0.0316927
-0.0188123
-0.127516
-0.0151474
0.112916
0.024908
5.02395e-05
0.0432703
0.113501
0.0459043
-0.154424
-0.119425
0.183791
0.147081
-0.0298675
0.0347349
-0.0767016
-0.0183089
-0.017538
0.134129
0.0106387
-0.0388356
0.128748
-0.0532792
0.0561741
-0.0357494
-0.0337478
-0.0335593
0.0214994
0.0103552
-0.222792
0.058598
-0.000601556
0.043825
-0.112123
-0.133617
0.0373317
0.135058
-0.128724
0.0553419
-0.0133018
-0.0845233
-0.00445246
-0.00539878
-0.157806
0.0892092
-0.0312498
-0.0689951
0.0895347
0.0540688
0.0702919
-0.0829573
0.0825231
-0.139598
-0.0555217
0.110618
-0.09995
0.120975
-0.0665127
-0.0487027
-0.133388
0.0521267
0.104641
-0.0473411
-0.00951898
0.0380423
-0.0228421
-0.0225412
0.140405
-0.0620475
-0.0194108
-0.152228
0.0276474
-0.0223398
0.0246474
-0.0905409
0.0807434
0.0805216
-0.0703891
-0.00370176
0.00075273
0.115798
-0.0561325
-0.111667
0.0768577
-0.0750034
-0.0893359
-0.0796192
-0.0853778
0.0405387
-0.0799999
-0.00713339
-0.0165363
0.030141
0.0308079
-0.0781393
0.0598756
-0.0014441
-0.20476
0.00922994
-0.0334587
-0.0696549
-0.100372
0.0506423
0.0830231
0.0493826
-0.0704803
-0.0821227
-0.099234
0.0687729
0.119818
0.0183178
0.0787324
-0.0994255
-0.0495103
0.043221
0.0658551
-0.00564123
0.0613007
-0.0264423
0.0258967
-0.0216444
0.00961946
0.0940981
0.0779298
-0.0335962
-0.192242
-0.133582
0.152346
-0.0513772
0.0300938
-0.111918
-0.0156878
0.00303511
0.0734697
0.106737
0.00865447
-0.0149899
0.0464203
0.0246722
0.15055
0.101995
-0.0613834
0.0351563
-0.0263202
-0.122542
0.0946094
0.0441354
-0.0867656
0.0275037
-0.0873997
-0.0154267
0.0196626
-0.103526
0.0178514
-0.0844383
0.189009
-0.0125947
-0.0809869
-0.162442
-0.0491733
0.114131
0.0148341
0.171278
-0.0307061
0.0797673
-0.0033709
0.0204407
-0.0296281
-0.0727111
-0.114258
-0.0449997
0.101628
0.0926839
0.105142
-0.0323105
-0.0964664
0.0337653
0.148095
-0.0501691
-0.152354
-0.130351
0.051853
0.110507
-0.0284236
-0.082307
0.194365
0.00147983
0.0156107
0.0361446
0.0364572
0.140796
0.0501263
0.118521
-0.120217
-0.0375907
-0.109859
-0.0208979
0.0437583
-0.0349229
-0.0679874
0.085908
-0.119693
-0.0197268
0.074677
0.000822432
-0.0294654
-0.00554353
0.102558
0.0414785
-0.000512919
-0.0732503
0.0138533
-0.0823808
0.109471
0.0467257
0.0848913
-0.0542217
0.0161047
0.102101
0.0231802
-0.11497
0.0713208
0.0943816
-0.0710491
0.0626716
0.0608852
-0.0786289
0.17698
0.0224156
-0.010648
0.00846195
0.0042563
0.0128461
-0.0557737
-0.1671
0.144597
0.173088
-0.0249743
0.0677686
-0.0347658
0.00223516
0.0378812
-0.0101791
-0.0417381
-0.0326329
0.205476
-0.0999346
0.0688171
-0.0673299
-0.111654
-0.0293636
-0.041102
0.106168
-0.047573
0.193145
-0.138718
-0.0208079
-0.0233941
0.0394102
0.0534986
-0.0323576
-0.0110084
-0.126971
0.143056
-0.107473
0.14624
0.0650796
-0.129276
0.057739
0.034626
0.00359179
0.00541694
-0.198018
0.0285399
-0.0419598
0.223593
0.0860972
-0.0176497
0.00509497
-0.114935
0.100352
-0.113679
-0.0609325
0.0345642
0.00913342
-0.01224
0.0551006
-0.128578
0.0895687
-0.0715018
0.0536474
-0.0194185
0.0837869
0.0340689
-0.0359765
0.0699779
-0.119461
0.0944772
0.021061
-0.0866815
0.0996548
-0.137276
0.053215
-0.0201744
-0.170164
0.0871854
-0.0848317
0.0460372
0.128266
0.0956298
0.0152666
0.121048
0.174162
-0.0825208
-0.0963994
0.0931604
0.094349
0.0532243
-0.0127573
-0.137024
0.107089
-0.0248922
-0.0834709
-0.0229036
-0.0646169
0.0112891
-0.0632662
0.107025
-0.0345751
0.00637617
-0.040142
-0.102809
0.0611748
0.126546
0.0471128
0.0461215
0.0664977
0.0738162
0.0241346
-0.219811
0.0177295
-0.158253
-0.0594235
0.0617445
-0.0245268
0.147014
0.0174879
-0.0165234
0.115088
-0.00582134
-0.126244
0.0424766
0.0412451
-0.0892191
0.0682885
0.0179003
0.0235683
-0.0405909
-0.189188
-0.118635
-0.107137
0.050418
0.094003
0.0403186
0.0918597
-0.0407553
0.0398936
-0.222939
0.0114994
0.0600851
0.085387
-0.0171337
0.0999592
-0.0483422
-0.0303426
0.022647
-0.0298272
0.10059
-0.0522476
-0.0140464
0.0623374
-0.130512
-0.0272939
0.0190695
0.0143054
0.11877
-0.0161876
-0.0306253
-0.183888
0.162452
0.0782853
0.00737601
-0.0519996
-0.109419
0.153555
-0.0749313
-0.060828
-0.0157454
0.0602392
-0.0189708
0.0119985
0.142262
-0.0410819
0.0277043
0.155356
-0.114983
-0.034805
0.0859946
-0.143156
-0.0722194
-0.0754232
0.00112626
0.0495455
0.0617776
0.138307
-0.122741
-0.0203955
0.0749602
-0.0261419
0.102556
0.00415161
-0.144941
-0.00456961
0.0251322
0.0645757
0.110782
-0.0404798
-0.0693613
0.0882599
0.0991523
0.0394
-0.157924
0.0865914
-0.0236027
-0.0335147
-0.0178708
-0.0685129
0.0550994
-0.147674
-0.0880671
0.162663
0.105505
0.0864081
-0.0669026
-0.0731322
-0.0505363
0.0104687
-0.134023
-0.0302651
0.023475
0.105096
-0.031025
-0.118286
-0.104798
0.000550461
0.022357
-0.00670725
0.0324964
0.0347054
-0.0283848
0.139762
0.0202162
0.0601341
0.0739201
-0.0672565
-0.114224
0.0566919
-0.0547128
0.0282831
-0.0399601
-0.0896916
-0.0488133
-0.139519
0.124678
-0.0221903
0.00795039
0.00994213
-0.0613374
0.120364
0.08051
-0.0231745
0.0527764
0.0507554
0.0871297
0.0181897
0.112673
0.0702805
-0.0877398
0.131922
-0.0459492
-0.0496373
0.116973
-0.051014
-0.0245226
-0.0718116
0.0954391
-0.122018
-0.0441143
-0.0251473
0.00510315
0.0286202
-0.022598
-0.194746
-0.131059
0.0598565
-0.114865
0.0614983
0.00754443
0.0461026
-0.0451701
-0.0220401
0.0174624
-0.18471
0.0847801
-0.083051
0.151927
-0.0575189
-0.0402051
-0.0949859
0.0439158
0.0799809
-0.0101006
0.138414
0.0960652
-0.246704
0.0714834
-0.101504
0.133638
0.0610376
-0.0252898
-0.0795894
0.00611627
0.0666672
0.177927
-0.035419
0.108914
-0.0630767
0.0387031
-0.0809677
0.0218265
-0.022175
-0.123313
-0.00975993
-0.126089
-0.0362571
0.0590384
0.0415874
0.000604317
0.0442018
0.0199728
-0.0278754
0.0958889
0.0285158
-0.136431
0.0327547
0.0394484
0.129482
0.112893
-0.0539128
-0.061444
0.0370433
-0.210889
0.0579599
-0.168147
0.0251291
0.0321702
0.0930097
-0.112275
0.0353568
-0.0142568
-0.13385
0.0955691
0.0799653
0.080885
-0.0690063
-0.123315
-0.0271942
0.0577593
-0.081848
-0.0651096
-0.0298426
0.00517504
0.106939
-0.0328154
-0.0241173
0.0331332
0.10987
0.0579588
-0.107063
0.0448822
0.0238541
-0.0320564
0.0770636
0.0214361
0.0326332
0.0409382
-0.00799265
-0.0989007
-0.0568771
0.126159
0.0604509
0.135139
0.00802849
-0.0622327
0.182006
-0.123536
-0.10332
-0.0367751
0.0637374
0.204185
-0.128466
0.0397609
-0.0092986
-0.134892
0.105203
-0.0398905
-0.0783527
0.0658493
-0.0654963
0.115715
-0.0852509
-0.104415
-0.0874173
-0.11468
0.0746175
-0.0740148
0.0100049
0.00710885
0.0816322
0.0810795
0.0667107
0.0378157
-0.0496075
0.0922925
-0.0463549
0.0167434
0.0521019
0.0585225
-0.0275927
-0.063354
0.0142359
0.0706091
-0.0635916
-0.162735
-0.0571799
-0.0925144
0.0600482
0.139794
0.0193071
0.0324983
0.0120312
0.0484664
-0.180905
0.114728
0.0673504
0.0116734
0.00215868
-0.0174426
0.0178578
-0.0651227
0.0297193
0.0155096
0.0391872
-0.250677
-0.100633
0.0394397
0.0968155
-0.0789948
0.0839823
-0.0667157
0.0153995
0.0919208
0.111695
-0.0793717
-0.00639645
-0.0345376
-0.0364207
-0.04857
0.0258664
-0.0463802
0.117633
0.102746
0.0180107
-0.164614
0.0847981
-0.0098059
0.0162461
0.0785649
0.034831
0.000641512
-0.052841
-0.175014
-0.00716249
-0.16204
-0.0362896
0.163634
0.00823057
0.072805
-0.0536428
0.0281593
0.0558093
0.113122
0.112673
0.104559
-0.0297197
-0.17701
-0.153705
-0.0849084
0.0620361
0.01672
0.01074
0.0653129
-0.0561147
-0.150852
0.0240215
0.0777819
0.0977244
0.0210104
0.0943202
-0.164334
-0.0554308
-0.0053061
0.0924852
-0.0745842
0.0804892
0.0766156
-0.0528022
0.0501575
0.0514168
-0.236657
0.113822
0.0195402
0.112097
-0.0310534
-0.0493722
0.0765852
-0.100096
-0.0814334
-0.149988
0.0991144
0.0934419
0.0153953
-0.015465
-0.0615895
-0.0215638
-0.0356297
0.0380811
0.0989098
0.00517017
-0.110865
-0.124898
-0.0890335
0.0503023
0.0057668
0.128264
-0.0662847
-0.0101774
0.065168
0.0446176
0.106113
5.44224e-05
0.056514
0.125552
-0.0453706
-0.0480193
0.0541025
0.145979
-0.177214
-0.0608351
0.0542437
-0.12158
0.0162865
0.0981479
-0.0339375
-0.0578609
0.160482
-0.0152464
0.0613036
0.122295
-0.193784
0.0698573
-0.0231612
0.0675786
-0.0830622
0.127631
-0.0541023
-0.0266389
0.0939015
-0.0386261
0.13826
-0.138848
0.0589566
0.0968624
-0.041937
-0.0406842
-0.11184
0.148867
-0.0389518
0.020981
-0.108891
0.0549409
-0.078764
-0.0782558
0.100472
-0.169543
0.0849069
0.102089
0.0446217
-0.180891
-0.0556746
0.0773794
-0.0358601
-0.0297937
0.0187741
-0.206303
-0.0803689
-0.0631166
0.0562699
-0.141737
0.114396
0.0466411
0.0880299
-0.0603198
-0.0150482
-0.153494
0.137905
0.15907
-0.12799
0.0851369
-0.120482
-0.0493492
0.0274462
-0.0304652
0.0657332
0.116344
-0.0455382
0.0441235
0.0153182
0.0434659
0.00553237
-0.00198795
-0.0358512
0.0464837
-0.0110515
-0.0345565
-0.0284199
-0.0855104
0.101847
0.0827278
-0.00676443
-0.0116634
-0.0620438
0.0597036
-0.0915852
0.0932927
0.032999
0.0138226
0.0137217
0.0469277
0.0543509
0.106918
-0.0863117
0.119637
0.0235527
0.0336017
0.118153
0.0796008
-0.0751259
-0.140568
-0.0621634
0.190805
0.00683332
0.133368
-0.056727
-0.10515
-0.0819613
0.00451495
-0.164858
0.0745679
-0.0528158
-0.119918
0.0110724
-0.093951
0.119354
0.0617394
0.0530616
-0.0784932
-0.0111119
0.0783292
0.100691
0.0115425
-0.0768295
-0.0578552
0.0489151
-0.0781872
0.177226
0.18601
-0.0846639
0.105425
-0.0921328
-0.161925
-0.0412637
0.0902978
0.0615612
0.0563239
0.0464
0.0258966
-0.0755133
0.149143
-0.104587
0.0333092
-0.0283221
0.0749574
0.13688
0.0204573
-0.096799
-0.12017
0.165764
0.0214902
0.188853
-0.0717405
0.00302925
0.125273
0.11859
-0.18022
-0.187362
-0.076365
0.168943
0.051295
-0.130812
-0.043099
-0.0184415
-0.00614165
-0.0258413
-0.0503894
0.0831912
0.114187
0.0410171
0.0828715
-0.0293815
-0.0671666
-0.00939127
-0.0434413
-0.0634599
-0.0277167
0.0498931
0.0619075
-0.148558
0.0363566
-0.0353301
0.0331597
0.0150259
0.105447
0.0515357
-0.11294
0.0618786
-0.143662
0.172904
0.0860045
-0.147502
-0.0480171
0.115774
-0.0391831
-0.0798116
0.0554541
0.0321036
-0.0561706
0.0884557
-0.0564514
-0.0976966
-0.0986173
0.0472974
-0.0360074
-0.141156
-0.034221
0.0295826
0.00617882
-0.0886519
0.123017
0.0537981
-0.0625353
-0.0538706
0.0195941
-0.0760998
-0.0338685
-0.0282526
-0.0462584
0.0161094
-0.0686322
0.121167
0.00352129
0.12232
-0.0339534
-0.0533639
0.134191
0.073735
0.147685
-0.156485
0.0420441
0.0795828
0.0277171
0.0470394
-0.0728201
0.141085
0.120362
0.0832743
-0.13545
0.139229
-0.118615
-0.0463722
0.0435802
-0.0215905
0.0808797
-0.0446578
-0.00877933
-0.0724369
-0.203274
0.122403
0.00717345
0.0479203
0.107726
-0.092275
0.115941
0.0252578
-0.110509
-0.125359
0.0402669
0.141391
0.110499
0.0810137
0.113529
0.0838898
0.011211
-0.0748047
0.0700938
-0.152198
-0.103512
-0.018653
-0.0399117
-0.113012
0.100766
-0.0433885
0.153495
-0.00739829
0.0735701
-0.0055092
0.0112432
-0.102044
-0.0342023
-0.0207624
-0.0206682
0.0849345
-0.143617
-0.196049
0.0843979
0.116062
0.0864637
-0.0499494
0.01676
-0.112463
0.149567
0.0943653
-0.00360407
-0.0967847
-0.160108
0.0738295
0.0832182
0.0133132
0.0741775
0.0653453
-0.149426
-0.0375476
0.00966691
0.157569
-0.0696093
-0.12204
-0.0689079
0.126088
0.0982716
0.122854
0.171767
-0.0334159
0.0309767
-0.0285499
-0.0487416
-0.0185655
0.0940132
0.0192653
-0.103308
-0.0236963
0.0360972
-0.00538811
-0.0577396
-0.0209955
0.0377663
0.00196302
0.0910895
-0.0438824
-0.0487585
0.0273149
0.0990556
0.0475794
0.104492
0.0738137
-0.227831
-0.200346
-0.143603
0.0550967
0.10911
0.0530486
0.144483
0.044356
0.118111
-0.156447
-0.0120708
-0.0559857
-0.0776083
0.123511
0.0572323
0.0220267
-0.226559
0.0773944
-0.0763481
0.0570061
0.0822843
0.0722927
-0.0368129
0.112977
0.0691383
0.0906557
0.0558186
-0.089643
-0.0575344
0.0946021
-0.197927
0.0379467
0.0443996
-0.0157417
0.124636
-0.150899
-0.100776
-0.164376
-0.0689669
0.0362421
-0.0460012
0.0897815
0.138468
-0.121366
0.10484
0.0736652
-0.0532765
0.087327
-0.00745216
0.00588276
0.104957
0.0674153
0.0878815
0.103329
0.0229315
0.055921
-0.00382672
-0.0271114
-0.151481
0.0239712
-0.0216192
-0.126699
0.0785108
-0.0118588
0.0849854
0.0177086
0.113612
0.00366437
0.0957683
-0.0447559
0.0025954
-0.137352
-0.173062
0.054272
-0.0471083
-0.0110394
-0.0558972
-0.094647
-0.00784329
0.0324286
0.0543866
0.0952952
0.0670956
-0.0207152
0.141983
-0.011213
0.0690272
-0.0566977
0.10359
0.123326
-0.207153
0.0137847
-0.0658962
0.0127001
0.0979867
-0.160302
0.086818
-0.223703
-0.0402859
0.0123143
-0.140103
0.0723225
0.0752813
-0.113172
0.0757477
-0.0573191
0.143127
-0.0590661
0.118774
-0.0172193
0.032632
-0.0377586
-0.0524512
0.0545223
0.013994
0.054858
0.0460654
0.0155345
0.0690669
-0.0256971
-0.0205125
-0.0614969
0.102496
-0.0929944
0.0405071
-0.118558
0.100987
-0.0403305
0.116951
-0.0716512
-0.032515
0.0738448
0.155107
-0.0916654
0.0410462
-0.0297868
0.00269513
0.0267048
-0.163247
0.0991203
0.0899298
0.123918
-0.178575
0.0758434
0.0168041
0.0993926
0.0942253
0.0607148
-0.089878
-0.20526
-0.0851287
0.101815
0.0869545
0.087448
-0.0677706
0.0875069
0.040687
0.013561
0.0142191
0.110921
-0.061321
0.0406591
-0.0376764
0.00710995
0.0637938
0.000128127
-0.0738356
0.0634051
-0.0353921
0.016249
0.104395
-0.118888
-0.0339403
-0.0867804
0.080661
0.213455
-0.0139083
-0.156248
0.0355773
0.111119
0.113054
0.0941901
0.0180847
-0.0456658
-0.0476527
-0.0873372
0.0374486
0.103159
-0.0833784
0.00621973
0.116524
-0.201181
-0.0210487
-0.00119716
0.0999098
0.0682756
-0.0998446
-0.167072
0.0428485
-0.149211
0.104483
0.0266412
0.00389245
0.0763496
-0.01754
0.102436
0.0916195
-0.105977
0.0908786
-0.0949865
0.0703306
-0.0536069
0.0448382
-0.138038
-0.0134124
-0.101878
-0.0724999
-0.045802
0.11373
0.23399
-0.0908313
0.0459934
0.0762789
-0.0431901
0.15362
0.0772639
-0.0134014
-0.153469
0.108
-0.0609756
-0.116733
-0.00943194
0.0357459
-0.0335262
-0.0457878
-0.058071
-0.0687661
-0.104224
-0.00827571
-0.0155966
0.0991824
-0.039743
-0.10782
0.0181834
0.0991272
0.143388
0.0815683
0.0868086
0.089971
0.0328291
0.0468736
-0.154326
-0.102672
0.0578599
0.04807
-0.0194272
-0.0601185
-0.0922028
-0.0984565
0.127912
-0.0462131
0.00952987
-0.101378
0.094639
-0.0143944
0.151134
0.0525371
0.029594
-0.0519643
0.0738729
0.0379041
-0.0405087
0.0493513
0.117595
-0.0366406
-0.0922257
0.0733053
0.115538
0.0839659
0.00534774
-0.0242829
0.0682482
-0.0353232
-0.0455515
0.140525
-0.00785613
0.0770583
0.0181714
-0.16028
-0.0750554
0.043088
0.0140919
0.0441983
0.114436
-0.155475
-0.0553095
-0.0478599
-0.0296043
0.0430059
0.199027
0.0443584
-0.125044
-0.0794161
0.0862577
-0.0473213
-0.144989
0.0597914
0.04971
0.0245028
-0.0600179
0.00527027
0.0439141
0.182074
-0.07522
0.0154577
-0.102851
0.0113931
0.112618
0.0753903
-0.0226798
-0.069337
0.0509442
-0.168769
-0.0182287
-0.0590027
-0.0120044
0.0327462
-0.138461
-0.0140143
-0.168805
0.0845303
-0.0160871
0.115073
0.0622071
0.0253112
0.0929218
-0.0450728
0.0362293
-0.0911264
-0.067628
-0.0166766
0.0846651
-0.0702147
-0.0365293
-0.157718
0.0249249
-0.130028
0.0897099
0.0747805
-0.128311
-0.036415
-0.00193272
0.104943
-0.0445126
0.11502
-0.00771136
0.0722418
0.0670534
0.0236087
-0.167949
-0.0706385
0.0171576
0.0231096
0.00537457
0.0426834
-0.183825
0.112988
0.0459175
0.100751
0.163291
-0.170263
0.128212
0.0342917
-0.0872578
0.104214
-0.0867656
0.0576301
-0.112563
-0.139489
0.1589
-0.0783252
0.0703396
-0.0258929
-0.0542976
0.0322207
0.0896386
-0.0224855
0.0783478
0.0955206
-0.0758126
0.094283
0.0127748
0.0123164
0.08442
0.105997
-0.20819
0.0657609
-0.0250359
0.0058428
0.0154381
-0.00222717
-0.0205524
0.170554
0.0103215
-0.198315
0.0913811
0.0111029
0.0434093
-0.0239309
-0.0396143
0.0501001
-0.0149747
0.135998
-0.0856964
-0.0898107
0.0527988
-0.0190012
0.094038
-0.0983174
0.0213214
0.0177516
-0.00734731
0.00558507
-0.0187164
-0.0842787
-0.162903
-0.132758
-0.0547791
0.00149061
0.0659999
-0.034532
0.0183016
-0.215946
-0.129556
-0.0244814
0.0806425
-0.135528
-0.101132
-0.00835108
0.0619505
0.129185
0.109149
-0.109632
0.0780743
-0.165665
0.114254
-0.0732963
0.0675245
-0.0523354
-0.180071
0.0105685
0.0300989
0.0873075
-0.120677
0.116018
-0.0439496
-0.0287415
0.0220733
-0.177362
0.0754774
0.0752792
0.0110911
-0.0649025
0.0948364
-0.147337
0.0905914
-0.113518
0.139643
0.0195564
-0.0862994
0.132592
-0.0448483
0.0188686
-0.0806929
0.0384632
-0.0892942
0.0559292
-0.123772
0.0511853
0.0456471
0.114719
-0.0270024
0.0709199
-0.134327
-0.0068696
0.148901
0.0717697
-0.0653992
-0.0642497
-0.084872
-0.0944677
0.0933439
-0.0976578
0.0418945
-0.0797887
0.0960609
0.12073
0.146086
-0.131353
-0.0707982
0.082048
-0.0801575
-0.135522
-0.0349468
0.0722752
0.0419608
-0.0468388
-0.0867791
-0.216725
-0.0473841
0.0440811
-0.0195832
-0.0521207
0.0748846
-0.0922996
0.131439
0.140218
0.0247904
-0.15
-0.0775426
0.0156459
-0.141283
-0.0687618
0.0290309
0.0490286
-0.0136592
-0.0268242
0.0273213
0.00855127
0.132179
-0.0449377
-0.0211752
0.0317234
0.0347348
-0.0060502
-0.0426243
-0.107183
-0.111622
-0.147308
0.172486
-0.0241631
0.156941
-0.0136665
-0.152471
0.0768096
0.118671
0.0385156
-0.0406837
0.00855189
-0.0616137
-0.0123373
0.113675
-0.0274092
0.134547
0.0599362
-0.0921683
0.026906
-0.115608
-0.0134349
-0.00172653
0.138563
-0.0200178
0.0693743
-0.125839
-0.0312852
0.196286
-0.134705
0.0400856
0.0274651
0.0122429
0.103161
-0.109167
-0.182119
0.0349637
0.0499172
0.0625756
0.047809
-0.036899
-0.0977765
0.0275556
0.0709374
0.144716
0.164995
-0.157066
0.11321
0.086283
0.0336771
0.0247443
0.120164
0.101789
0.0553246
0.120134
0.0617572
-0.0348184
-0.109758
-0.0631126
0.0367388
-0.0478821
0.0944292
0.13001
-0.148219
-0.149505
-0.0617649
0.143873
-0.0328796
-0.0701608
-0.159864
-0.00750931
0.0693815
0.00619745
-0.00511451
0.030974
-0.113389
0.0796345
0.0010514
0.117622
-0.0138175
0.117049
-0.0235373
0.0277959
-0.0527245
0.00804172
-0.0752002
0.0563362
-0.0467671
0.0232255
-0.0332833
-0.0353637
-0.0111327
-0.0244814
0.11234
0.0384764
0.0390768
0.0893826
-0.200106
0.141888
-0.0449375
0.124155
0.0593906
0.00415284
0.0125246
0.10183
0.0406405
0.2366
-0.0130299
-0.0680531
0.0821943
-0.00410889
0.0754915
-0.059341
-0.0255758
0.0389638
-0.129419
0.0907947
-0.0910985
0.136873
0.0834832
0.0966701
0.121858
-0.164748
-0.109268
-0.202768
-0.0202077
0.101912
0.0472977
-0.169493
-0.0622711
0.0728191
-0.0533446
-0.0314966
0.0850767
0.0195303
0.107007
0.0770135
-0.110091
0.110567
0.0804922
0.144327
-0.0855091
0.142751
-0.0527828
0.0214497
-0.0855243
0.0995822
-0.050769
-0.0534988
0.0488655
0.0563854
-0.045292
-0.0512908
0.0245163
-0.0185192
0.101362
-0.0355458
0.0394092
-0.281028
0.0607303
0.0686942
-0.0978367
0.15053
-0.0231915
-0.112586
0.0242672
0.00386627
0.0520249
-0.103667
0.00804494
0.0832649
0.128265
-0.133648
-0.0214145
0.0430288
-0.163872
0.00801002
0.10072
0.0525868
0.0219987
0.147158
0.0138623
0.08756
-0.0609574
0.214367
0.000390499
-0.00803405
-0.0429912
-0.0225961
-0.14966
0.0967779
0.0175625
0.107172
-0.0755131
0.0289273
-0.101862
0.0633483
-0.174653
0.0716572
0.0546908
0.16845
0.0562667
-0.0978338
0.0667128
-0.131769
0.073999
-0.0734462
-0.0357399
-0.060353
-0.0774278
0.0579547
-0.0489761
0.102793
0.0183346
0.00602579
-0.135577
-0.12906
0.0600353
-0.0239454
-0.00784595
0.1394
-0.0960929
-0.0539435
-0.074053
-0.0174955
0.0332881
0.160664
0.0159421
-0.0505213
-0.0181224
-0.0939649
-0.17469
-0.0634749
0.0430944
0.11626
0.126152
0.00235749
0.0271955
0.0395812
0.0599704
-0.0950104
0.0930738
0.0192393
-0.0258969
-0.0055784
0.03416
-0.194288
0.0583677
-0.0388215
-0.151255
0.0798288
-0.167034
0.131532
-0.11284
0.0873944
-0.162898
0.0634907
-0.0390347
0.11444
-0.145961
0.0689576
0.043777
0.0325793
0.11413
-0.218248
-0.20952
0.0685114
0.0230482
0.0542147
-0.106783
0.0963818
0.106209
-0.10468
0.0562338
0.01413
-0.0855487
-0.0381392
-0.127529
0.0911758
-0.0269526
0.0241124
0.111965
0.00964738
-0.0785694
0.0251117
0.0355274
0.0768469
0.128502
-0.0503784
0.05918
-0.133576
-0.130705
-0.0222651
0.0646956
0.00147166
-0.00228256
0.00254001
-0.0241937
0.0465551
0.0861109
0.00757833
-0.0706988
-0.011738
-0.0904461
-0.109154
-0.0629614
-0.00864943
0.126974
0.0775436
0.182764
-0.0205712
0.193773
-0.094281
0.0775423
0.108843
0.138434
0.0726229
-0.0770933
0.044485
-0.223207
0.0757172
0.00938331
0.0918196
0.0269334
-0.0151188
0.0964992
0.0521422
0.10467
-0.128269
0.120142
-0.104888
-0.0588175
-0.116525
-0.109046
-0.0153509
0.000799242
0.163648
0.0177645
-0.0693776
-0.107447
0.146975
-0.112841
0.107702
0.00885005
0.143633
0.0854052
0.0361129
0.0145789
0.054616
-0.00912515
0.0633222
0.0643886
-0.13106
0.0617278
0.0431332
0.108417
0.143629
0.110245
-0.137067
0.10546
-0.0651043
-0.191923
0.0417501
-0.0395355
0.16828
0.149454
-0.116315
0.0608512
0.0357427
0.141576
-0.0397879
0.157056
-0.117764
-0.0713606
0.0959867
-0.0475273
0.144898
-0.00282552
-0.1434
-0.0691828
0.0717582
0.026808
0.0563587
0.0994992
-0.0906305
-0.167866
0.0754061
0.0257827
0.106561
-0.0585431
-0.0273345
0.181931
0.0993049
0.0446169
-0.0418491
0.0185709
0.0972095
-0.0896939
-0.234278
0.111463
-0.110525
0.0907494
0.0585739
0.0516954
0.0101036
0.02013
0.0295762
-0.0950466
-0.0294186
0.0858237
-0.0235768
0.0990884
0.0201707
0.158124
-0.150733
0.0392671
-0.0983431
0.1584
0.018483
0.0989808
-0.0648198
0.103849
0.0472995
0.0257029
0.0892639
0.0476739
0.0543556
-0.111785
-0.0696735
0.0307711
0.0564895
-0.0492663
-0.125689
-0.0362065
0.15096
0.153672
-0.00971975
0.128977
-0.0130176
0.0533155
0.0235482
0.0435944
0.0572519
-0.153639
-0.0960627
-0.0219654
0.0748988
-0.0551953
0.0595805
0.0924795
-0.091953
0.173439
-0.0898236
-0.129075
-0.0174276
0.0183199
-0.112677
-0.038741
-0.0282944
-0.0406261
0.0232263
0.0450364
0.108579
-0.0776129
-0.0964515
0.111062
-0.0886357
0.0859314
0.0339766
-0.0141014
0.107738
0.0630031
-0.0883657
-0.113972
-0.058753
-0.0156268
0.0406173
-0.0767513
-0.0634106
0.0898412
-0.15662
0.0175531
0.122586
-0.144618
0.165095
0.132278
-0.113235
0.121151
0.140859
0.0135513
-0.0337272
0.118393
0.176302
-0.00904277
-0.0191221
-0.133927
0.162897
0.106979
-0.171726
0.0437108
-0.110733
0.0608826
-0.0557779
0.0311077
0.0268441
0.119107
0.050275
0.0550072
-0.13742
-0.145656
0.0166684
-0.166404
0.0236644
0.0332764
0.150602
-0.0879292
-0.1029
-0.12508
0.0422439
-0.0479801
0.0785116
-0.101536
-0.078707
0.099512
0.0237855
0.0752183
0.0875261
-0.153153
0.0809329
0.0110987
0.00983255
-0.135564
-0.026031
-0.027162
0.0747771
-0.194667
0.0752678
-0.0837066
0.0312976
-0.064079
-0.00292171
-0.0475507
0.142885
-0.0495353
0.0688814
-0.00516545
-0.0624458
0.0371937
-0.0627793
0.060681
-0.120988
0.0702251
-0.118716
0.0883858
-0.0708584
-0.0248619
0.0128388
-0.0392581
-0.054283
0.0278117
0.137421
0.0976277
-0.155447
0.145867
-0.114921
0.0206203
0.0712828
-0.0179688
0.139645
0.0716255
0.111192
0.0137228
0.0367035
-0.17025
0.000232093
0.052937
-0.125759
-0.0988343
-0.0427175
-0.0365502
0.114388
-0.0551723
0.0760597
0.0149825
-0.0483262
-0.0546588
-0.0480757
-0.0550574
0.0612445
-0.103867
-0.0277224
-0.005309
-0.113201
0.0887406
-0.0117923
-0.155627
-0.00325189
0.0855864
0.0690407
-0.0340536
-0.0299313
0.171163
-0.00778416
0.036744
-0.0935296
0.0359381
0.125419
0.0050596
-0.169224
-0.0109152
0.0775804
0.0698367
-0.0142364
-0.0488583
-0.135573
-0.0973051
0.137004
0.0324418
0.115512
0.151474
0.0689075
0.0386361
-0.0677102
-0.10089
-0.120517
0.162576
-0.0181707
-0.00883724
-0.0739362
-0.0380201
-0.0359265
-0.0308086
-0.138009
0.0805097
-0.0719881
-0.0318465
-0.0813951
0.0763607
0.0848096
-0.0834192
0.117118
0.0234314
-0.0577092
-0.0572128
0.202411
-0.0969119
0.0809231
-0.100513
-0.0508302
-0.0834891
-0.046616
-0.0394318
-0.0466511
-0.0030515
0.07456
0.00135709
0.00337925
0.0759824
0.0605552
-0.0302043
-0.0270656
0.00310521
0.0809613
0.0325857
0.0883326
0.0909961
-0.125101
0.108994
0.078308
0.0685346
0.0702702
0.0760712
-0.157018
0.0713848
-0.0203998
-0.018784
-0.0122461
0.0714857
0.0624481
0.194369
0.144553
0.218696
0.0190136
-0.0202675
-0.101869
0.0520242
0.145068
0.0425005
-0.108909
0.0231245
0.0385561
-0.187374
0.0173169
0.0232111
0.0660473
0.0591178
-0.148563
0.0695538
-0.0389047
0.0626757
-0.0301485
-0.0686159
-0.0218817
-0.0267122
0.0946424
-0.118926
0.0808563
0.044925
0.118387
-0.0297454
-0.0643191
0.000455563
-0.0839679
0.0991572
0.0366933
0.0395245
0.115664
-0.0284066
-0.168205
-0.00457819
0.0183562
-0.126743
-0.0994968
0.021939
-0.0230014
0.0649717
0.0685475
0.118459
-0.121103
-0.104927
0.0753445
0.135172
-0.0599252
-0.0844654
-0.0542908
-0.0516169
0.092794
-0.039947
-0.00791872
-0.103206
-0.0796586
-0.124643
0.0714909
0.0510865
0.0762068
-0.179546
0.0702696
0.0220249
0.0858942
-0.0810056
0.0107673
-0.121787
0.0523122
0.0368116
0.0873127
-0.113031
0.137526
0.142498
0.133987
-0.0519386
-0.082896
0.0906368
-0.023486
0.0756945
0.092208
0.0795095
-0.0443172
-0.0822585
-0.0267888
0.0666216
-0.0192729
-0.0516162
-0.0299987
0.0741958
-0.0881668
-0.0525982
0.0268805
-0.0630317
0.020727
0.108218
0.0216829
0.0195324
-0.00369987
0.0331153
0.0244181
0.00068604
0.0351076
-0.202107
-0.180696
-0.0262636
0.131459
-0.138989
0.0754917
-0.00964095
-0.0753853
-0.20443
0.0821814
0.0368454
0.0411619
-0.114876
0.0742901
0.181188
0.148814
-0.0593157
-0.143256
-0.077343
0.191032
0.100884
-0.036295
-0.0142279
-0.132658
0.0277196
-0.0913662
0.0482762
0.0850599
0.0293045
0.0209327
-0.0451277
0.0187438
-0.112744
0.0544228
-0.037142
-0.0323492
-0.047803
0.111154
-0.064244
0.0186669
0.0129687
0.0503356
-0.116162
0.0320049
0.0168408
0.0176501
0.027971
-0.00650734
-0.000819806
0.0712843
0.00361885
-0.0609417
0.0193723
0.0607648
-0.0504257
-0.0457877
0.0529976
-0.0563245
0.0338675
0.0730498
0.0163689
-0.125307
-0.0476413
0.00167745
0.0721247
0.0225571
0.056538
-0.0158495
-0.00889056
0.0241746
-0.0822482
-0.0672192
-0.083571
-0.0250649
-0.0499767
0.103245
-0.122572
0.0918371
-0.181029
-0.0378957
0.143398
-0.0156291
0.108838
-0.0710361
-0.0638876
0.00893162
-0.0855049
0.0185394
-0.13862
0.0240831
0.0154127
0.0414751
0.0777523
0.0294391
-0.13852
0.00750839
-0.0950553
0.101905
0.0887545
0.101748
-0.106399
0.000933529
0.0392469
0.0150608
0.155048
0.0643851
-0.0164208
-0.0701802
0.0564818
0.036822
-0.0492312
-0.182926
0.0252441
-0.0975274
0.0528906
0.0521646
-0.0999387
-0.166667
-0.0770388
0.0931732
0.0593556
0.055083
0.0361778
-0.0165132
-0.0545028
-0.109072
-0.00307858
0.026106
0.00380805
-0.049981
0.0598465
0.00513077
0.078247
0.18636
-0.136438
0.0617233
-0.0921246
0.0904377
-0.0179809
0.0788806
-0.0805635
-0.0432774
0.126927
0.123504
0.0788043
-0.0656298
0.0260228
0.0233975
0.0422075
-0.0685414
0.00754073
-0.0866907
-0.0563138
0.0784328
0.0682997
0.0110686
-0.103495
0.0224292
0.0200632
-0.110333
-0.143132
-0.0318905
-0.07075
0.0707241
0.084453
0.209635
-0.0238425
-0.107649
-0.0754858
0.147856
-0.0338667
0.034856
-0.104214
-0.0176058
0.167075
-0.0919989
0.0895357
0.0188643
0.073701
0.0942957
-0.0939244
-0.146071
0.0251313
-0.13314
0.143299
-0.109969
-0.0804981
0.0794977
0.0262871
0.00768281
0.066587
-0.0872023
-0.0823446
-0.0175771
-0.110696
-0.096802
0.0248446
-0.120769
0.0153297
0.0905554
0.00335226
-0.194311
0.073815
0.00117227
0.108772
0.0881664
-0.123902
0.121506
-0.0478997
-0.089697
-0.0152009
-0.0520153
0.0391654
-0.0373121
0.0255891
-0.0863282
0.126117
0.0817387
-0.084911
0.00954513
-0.129419
-0.0404826
-0.057756
0.169858
0.0417982
0.0221361
-0.0207299
0.0427662
-0.129664
0.141968
0.00443623
0.0115079
0.0913231
-0.0481964
0.0641096
0.131803
-0.160807
0.0464583
0.043675
-0.0754612
0.0718694
-0.0484241
0.000593245
0.0363271
-0.035573
-0.0147792
0.150649
-0.130752
-0.023893
0.1187
-0.0657491
0.0290479
0.00797956
0.027263
0.167264
0.0100433
-0.0896169
0.0569575
-0.110846
0.133545
-0.073765
-0.125067
0.0511231
0.0561183
0.0072838
0.0726499
0.153911
-0.0703347
-0.0402848
0.00538077
-0.155769
0.123162
0.0767414
-0.0404932
0.00532868
-0.0773384
0.0728949
-0.121172
0.0177872
0.105477
-0.173353
0.111705
0.1236
-0.0771587
0.0523583
-0.0389116
-0.0810736
0.0365172
0.140041
-0.0209033
0.0450379
-0.148122
0.0114473
-0.0279746
-0.00950287
0.118046
0.187608
0.0413273
-0.0672328
0.0502568
-0.075808
-0.168218
0.0399508
-0.0968572
0.113698
0.054089
-0.0384038
0.0830786
-0.0813127
0.00896752
-0.0212521
0.0166189
-0.0154585
0.0878064
0.0994606
-0.00294804
0.124583
-0.15357
0.0914061
0.0132827
0.0167622
-0.140074
-0.0107735
-0.0866285
0.106841
0.0759718
-0.0407043
-0.0675975
-0.167918
-0.0242076
0.142767
0.156233
0.0206216
0.0302826
-0.119891
0.0255344
-0.0215228
0.0994454
-0.0316108
0.0765353
0.143055
0.162334
-0.093113
-0.168585
-0.0150747
0.0300075
-0.0133063
0.0164157
0.039389
-0.117208
0.0357561
0.0442055
0.015805
-0.0665252
-0.0334048
0.0528032
-0.0212026
0.0495628
-0.0605573
-0.0156256
-0.0933889
-0.136721
-0.0254048
0.0382777
-0.0103083
-0.183286
0.177366
0.113361
-0.124083
0.0808222
0.00410033
0.0457903
0.0943172
0.152181
0.0690995
-0.04204
0.0444363
-0.223193
0.0518054
0.113467
-0.00606337
-0.112563
-0.0690817
0.0936162
0.110933
0.0826459
-0.00174496
-0.0584962
0.00867669
0.0888925
0.0355304
0.129671
0.0587388
-0.0173436
0.133578
-0.0517489
0.128448
0.0310321
0.0455053
0.0153511
-0.0538401
-0.0245105
-0.059653
0.0556047
-0.175246
-0.0581687
0.0276782
0.0845045
0.0769909
-0.11224
-0.0266168
-0.0494113
-0.0701169
0.0820516
-0.0569035
0.0630847
0.110307
-0.187749
-0.128054
0.101091
0.097086
-0.0304611
-0.0228626
0.134689
-0.00582904
-0.0428052
0.122152
-0.0154321
-0.0304534
-0.0720458
-0.13776
-0.0194614
0.0405303
0.194698
-0.101848
-0.121767
-0.087824
0.0375544
0.0665714
0.0629465
-0.00700141
-0.0732639
-0.111017
-0.016005
0.00982569
0.0940752
-0.000130521
0.0616175
0.0862623
0.083118
0.0580742
-0.0934535
-0.125981
0.0105869
0.000891629
0.15952
-0.164634
0.225041
-0.0376873
-0.0999514
-0.042809
0.0341924
0.116949
-0.0184647
-0.0196523
0.0738153
-0.0970696
0.120349
0.142242
-0.0435622
0.020028
-0.113041
-0.148222
-0.0670084
0.0501637
-0.177748
0.0202114
-0.0744019
0.0202873
-0.00813638
-0.0447952
-0.000955674
-0.0691472
-0.0876126
-0.00878648
0.03498
0.0485315
-0.0190448
0.0186623
0.0738781
-0.0655933
-0.0166915
-0.00826381
-0.0534649
-0.0874319
0.110034
-0.0147152
0.139988
-0.145931
-0.0858856
0.0778688
0.103537
-0.0662367
-0.00648972
0.0314684
-0.0423507
-0.030536
-0.00689759
-0.0352114
0.195502
0.0384458
-0.0413698
-0.0925016
0.130887
0.0822593
0.0158999
0.0883421
-0.0173595
0.0524501
-0.136949
-0.00249275
0.035918
0.0202901
0.133923
0.0486963
-0.0732406
0.0997601
-0.0126468
0.100057
-0.0427375
-0.145301
-0.0894613
0.0809545
0.0532464
-0.00619092
0.0160066
-0.00917673
0.0969077
-0.0205073
-0.0535262
-0.0557014
-0.0844084
0.00623216
0.0361391
0.092412
0.11349
-0.0942508
0.120859
-0.256881
0.0808168
0.10946
0.0623764
-0.076869
0.0366098
0.0279802
0.170271
0.047573
0.103149
0.00449318
-0.0014344
-0.0192238
-0.119913
-0.0934308
0.0573008
-0.0593429
0.0710668
0.132978
0.142375
-0.0442762
0.0291317
-0.111933
0.159343
0.0929877
-0.0846681
0.0366734
-0.103841
-0.160421
0.0361048
0.0405692
0.0765585
-0.0423427
0.034027
0.0207891
0.0601355
0.101063
-0.0736385
-0.0981805
-0.0769345
-0.0641322
-0.103021
-0.229204
-0.039367
0.122418
0.0795686
-0.0125072
-0.118385
0.151699
0.0603366
0.0616824
-0.0880333
0.00887929
-0.0645518
0.0419505
-0.0355009
0.024329
-0.149576
-0.0126402
0.0523176
-0.0705211
0.0885877
-0.133754
0.0601819
-0.0572092
0.0361357
-0.0555063
0.105653
0.132492
0.104681
-0.0781633
0.024163
0.0723012
0.0714471
0.174995
0.121726
-0.0136599
-0.0416429
0.0951249
0.029029
0.0332298
-0.0875778
-0.0414141
-0.0318849
-0.0540733
-0.00660913
0.117712
0.136935
0.0163523
0.119483
-0.142508
-0.0865726
-0.12809
0.0962631
0.0344448
0.147449
0.051014
-0.0382982
-0.0762748
0.0547941
-0.0979039
-0.0913911
-0.17535
-0.0841839
0.107571
-0.137469
-0.00232725
-0.0491754
0.0207788
-0.0175578
0.0110542
-0.105569
0.127633
0.0638961
0.023223
0.111539
0.077067
-0.0702841
-0.0203468
-0.00838207
0.0533345
0.0511183
0.0633745
-0.135467
-0.0883658
0.0441931
0.103571
0.0328445
0.0985271
-0.103208
-0.0945246
0.122726
0.0176885
0.0271372
0.01574
0.0458915
0.0484732
0.0478323
-0.0983329
0.162939
0.144444
-0.200036
0.0393598
-0.0397269
0.00248461
-0.140814
0.0601664
0.0620081
-0.141897
0.0261608
-0.0433446
-0.0673693
0.0408038
-0.0977723
-0.169943
0.0266445
-0.0211268
-0.0210254
0.107697
-0.070305
-0.148456
-0.0191822
0.00446334
0.127938
0.0147069
0.125508
0.0942487
0.0143795
0.114101
-0.110069
-0.187136
-0.0996144
0.0561264
0.0923769
-0.0319116
0.031062
0.149426
0.197576
-0.106556
0.00295166
-0.0735317
-0.0216568
0.015952
0.0377103
-0.195799
0.0689104
0.108913
0.0469603
0.024918
-0.021171
0.0670848
0.10222
0.0183693
-0.229874
-0.0125714
0.000134093
-0.0243259
0.0606004
-0.0921607
-0.0067213
-0.111256
-0.0332273
-0.123344
0.0891971
0.0161905
0.0254015
-0.0926068
0.0538845
-0.0238567
0.0693242
-0.0577421
0.0266448
0.0434184
-0.155326
-0.0860832
-0.0845077
0.0679206
0.0334046
-0.00107536
0.0322062
-0.0463937
0.0722402
0.123383
-0.0360447
0.0528924
0.0226977
0.111822
-0.0252235
-0.076741
-0.105506
0.0128791
0.0358364
0.0615154
-0.191249
-0.0953312
0.0577571
0.0468055
0.106286
-0.0269276
-0.0111585
-0.142326
-0.0583063
-0.0771694
-0.0627721
0.0979677
-0.121627
-0.12317
0.0122234
-0.0656554
0.115204
0.124105
-0.0712484
-0.0474416
0.103062
-0.161286
0.142814
0.0587048
0.129235
0.0148748
0.0774098
-0.0315995
-0.062933
-0.0755653
-0.0143364
0.181043
-0.0419478
0.040136
-0.0603697
-0.0655139
0.111123
0.0872293
-0.0780777
0.0721726
-0.071825
0.0339578
0.0760094
-0.104921
0.0448849
-0.0295597
0.0565017
0.153455
0.087917
-0.00332567
-0.025975
-0.039819
0.0222201
-0.0235863
-0.11747
0.174259
-0.0467426
-0.0261705
0.0680014
-0.185269
0.115449
-0.078518
-0.0150381
-0.122171
-0.134513
0.106729
0.0425101
0.0744836
-0.0350867
0.0906584
0.058399
0.107151
0.0503877
0.049756
-0.13235
0.0835204
-0.0718958
0.10897
-0.0520337
-0.00932828
-0.0381487
0.0059237
-0.0568972
0.0544779
-0.0718848
0.114374
0.168894
0.106104
-0.106554
-0.128415
-0.119753
0.0724466
-0.0402204
0.0906186
-0.0651644
-0.0542638
-0.0864212
-0.018719
-0.0896469
-0.00572131
-0.138454
-0.00687785
0.10233
-0.16063
-0.12697
0.123294
-0.0710971
-0.112417
0.0467992
-0.190243
-0.00771244
0.0474731
-0.126202
0.0852548
0.111998
-0.235237
-0.0655693
-0.162326
0.00598632
0.0840246
0.0913561
-0.190455
-0.00203306
0.0267723
0.155272
-0.0380999
0.0423306
-0.0270798
0.0823668
-0.0995087
0.0845224
0.0181734
0.0533615
0.0441122
-0.0686461
0.0739675
0.0325759
0.0215315
0.174153
-0.0301004
0.116295
-0.0791484
0.0372034
0.0941511
0.154776
-0.0203517
0.0867162
0.0213732
-0.149086
0.189039
-0.155887
-0.0190571
-0.0838854
0.125763
0.102286
0.0491159
0.00345703
-0.0310698
0.154387
-0.0358938
0.0771702
0.0589368
0.0312616
0.040021
-0.146223
-0.058762
0.110345
0.0152166
-0.195954
0.126209
0.00789597
0.115238
0.0474409
-0.0260809
-0.0634584
-0.0611399
-0.0385613
0.0739756
0.00626534
0.0518551
-0.0719748
-0.104415
0.0272529
0.110927
0.0313532
0.0508974
-0.0213858
-0.0418025
0.113725
0.0285755
-0.0986637
0.0843555
0.0134547
0.107851
-0.0763806
0.00207385
-0.0727816
-0.10788
0.0247751
-0.0269825
-0.027105
-0.10246
-0.113457
-0.0825064
0.145972
-0.137744
0.139634
-0.128828
-0.0710203
0.101253
0.153837
-0.109065
0.11471
-0.0740351
0.166553
0.022197
0.0878037
-0.0574551
0.0387934
-0.00737006
0.000440139
0.00743745
-0.0478179
0.0166858
0.0812843
0.0933886
0.00274241
0.00978625
-0.0133182
-0.0600484
-0.0901566
0.122443
0.114102
0.148403
0.103076
0.00578673
-0.00887711
-0.105881
0.0945212
0.0721796
-0.114201
0.0360298
-0.085032
-0.0474459
-0.0636184
-0.0147924
0.0983517
-0.0860329
0.0306795
0.0919268
0.0117123
0.0129612
0.157974
-0.00485728
0.0103896
-0.156711
0.0337652
-0.00226764
0.0322326
-0.00285526
-0.0380559
0.0791979
-0.129763
-0.0259042
0.168069
-0.103793
0.105731
0.14039
-0.183603
0.0979065
0.0213204
-0.058555
0.135629
0.102735
-0.0466995
-0.0377381
-0.118832
0.00899824
0.0908181
-0.102277
0.0529708
-0.00528799
0.111068
0.0636527
-0.020274
0.0281827
0.000796076
0.125181
0.0762473
-0.225223
0.0136077
-0.0887706
0.115251
-0.00308309
-0.10208
0.112286
0.068527
-0.157539
0.0650243
0.00536789
0.069018
0.130622
0.00028369
0.0671154
0.095571
-0.183327
-0.0937982
-0.0590846
0.0783244
0.0577997
0.00225209
-0.0820213
-0.00502941
0.064313
0.0397642
-0.0778615
0.216407
0.00556324
0.0658872
-0.0468374
0.110275
0.0292681
-0.0987124
0.0750714
-0.0310738
-0.079056
-0.144046
-0.0415526
0.0743992
0.0632332
0.0146913
-0.0293131
-0.058325
-0.00481382
-0.0816783
0.100236
0.0573281
0.0786185
-0.114857
0.0993893
0.0542288
0.0931875
-0.0218096
0.00535396
-0.212985
-0.14889
0.0342341
0.120118
-0.0811739
0.0164629
-0.0344934
-0.0372059
0.0800904
0.130795
-0.0302959
0.127518
-0.109141
0.163488
-0.00668278
0.0351882
-0.101068
-0.183658
0.0436676
-0.100432
0.105723
-0.0666486
0.107381
-0.0308716
-0.106488
-0.0671778
0.0188296
0.108091
-0.0754547
0.0617645
-0.0304329
-0.0703082
-0.107633
0.016229
-0.04999
-0.0196614
0.0202862
-0.0883184
-0.0794313
-0.0999837
0.0266306
-0.0972836
0.130218
0.0546713
-0.0401548
0.130752
-0.0360412
0.0411266
0.0684287
-0.0301786
0.114657
-0.0521441
0.0789991
0.0893089
-0.00740784
-0.0351217
-0.187826
0.0838645
0.0304509
0.0748253
0.00990769
0.0691667
0.0797153
0.0995863
-0.136849
-0.151134
-0.100467
-0.049438
0.113219
0.0206773
0.0808407
0.00928
0.0608009
-0.0519674
0.024315
-0.164983
0.19522
-0.066105
0.0213001
-0.11564
-0.109441
0.0942007
0.0761273
-0.0434785
-0.0424075
0.118763
0.103913
0.0226953
0.0448302
0.0413808
0.0993835
-0.129017
0.056395
-0.129426
0.0601813
-0.0202034
0.120853
0.067103
0.0289673
-0.107083
-0.0421787
0.134426
-0.0859822
0.128389
-0.0498543
-0.0878011
-0.0980535
0.0654224
-0.104033
-0.0341279
0.129591
-0.101114
0.158727
0.0931771
-0.14758
0.0904849
0.0864041
-0.0167316
0.106231
1.62047e-05
-0.111533
-0.0288893
0.027534
-0.0730365
-0.00215904
-0.0750183
-0.041746
-0.069347
-0.0912605
-0.0127089
0.0678094
-0.081577
0.0478346
0.0812657
-0.146919
0.0341105
0.0616696
-0.054699
0.0221659
-0.102245
0.120747
-0.103566
0.145549
-0.0960045
0.018137
0.0433064
0.0179624
-0.0209804
-0.0142547
0.00940265
-0.0292707
-0.110444
0.0276717
-0.0753424
0.110659
-0.00709549
0.143762
0.0828359
-0.113625
-0.0416773
-0.0347243
-0.0799346
0.0819248
0.0330641
-0.0222508
0.080191
-0.065264
-0.00555248
0.0804015
0.16329
0.101938
-0.105938
-0.0805914
0.0627763
-0.091362
-0.129274
0.0112774
0.15541
-0.0938896
0.0354941
-0.0279376
0.0442812
-0.0792834
0.0653409
-0.0981632
0.0464945
0.10398
-0.110769
0.103959
0.0355951
-0.122947
0.147343
0.0757838
0.0964521
-0.0256885
-0.0741571
-0.0766248
-0.128741
0.00381072
-0.120349
-0.0983213
0.115112
-0.0753653
-0.0365394
0.074293
0.0668844
0.0951848
0.0857112
-0.038796
-0.0636709
-0.0265359
0.069778
-0.0328686
-0.127819
-0.0376931
0.0279313
0.0928031
0.0438111
0.101146
0.0702714
-0.0954004
-0.124962
-0.0768545
-0.0725445
-0.0069231
-0.0835609
0.0881898
0.012294
0.11154
-0.0701861
-0.182757
0.180414
0.0106103
-0.045731
0.167853
-0.145248
0.0387118
-0.0801161
0.20516
0.00878338
-0.0586553
-0.0549899
-0.0361251
-0.100595
0.161521
-0.0778009
0.0514367
-0.0400891
-0.107049
-0.163654
-0.013792
0.0933113
-0.128643
0.0716233
0.0978717
-0.0355979
-0.051279
-0.072359
0.00468384
-0.00492365
0.0053943
0.0281277
-0.0689165
-0.0489931
0.1004
-0.0451488
0.107845
0.0709108
-0.0853463
0.0254184
-0.0107476
-0.148283
-0.132841
0.115816
0.0497846
-0.00328176
0.0611474
0.146344
-0.0955411
-0.00441276
-0.0154505
-0.0321075
0.0663496
0.0506952
0.0667969
-0.0733283
-0.0556344
0.0203956
0.0612897
0.0230575
0.0563121
0.179766
-0.0518853
-0.107172
-0.106832
-0.0878349
-0.0775181
-0.041995
0.0649239
-0.061736
-0.123735
-0.0454174
0.00456209
-0.0182039
0.0568062
0.055909
0.0138353
0.0050502
-0.094813
0.0249037
0.0431661
-0.0571566
0.0816091
0.112882
-0.051025
-0.0344191
-0.11927
0.18963
0.0584924
0.140385
-0.10558
0.00843197
-0.0977014
0.0242968
-0.03598
0.137134
0.00107108
-0.00814968
-0.0995863
0.0938116
0.099688
0.0697814
-0.190809
-0.0347336
-0.0387093
-0.00230999
-0.00892984
0.0833628
-0.00312408
0.178573
0.138282
-0.0321174
-0.0715774
0.0218668
0.0960292
0.0195746
-0.0861302
-0.138234
0.114151
0.044422
-0.0844339
-0.0275789
-0.1026
0.0421265
-0.0704549
0.12995
-0.0197641
-0.0873972
-0.0847355
-0.0964436
-0.055985
0.0336862
0.115565
0.0558565
-0.0751758
0.133904
0.0967705
0.12741
0.079432
0.0436338
-0.18801
0.0276845
0.0448811
0.140032
-0.0336751
0.106367
-0.0890273
0.155912
-0.0986951
0.0392835
0.0464472
0.0178712
-0.0266435
0.0753981
-0.0415483
-0.0404701
0.0650908
-0.0572986
0.0910846
0.0235077
0.0785432
-0.0152765
0.0231243
-0.0585411
0.101965
-0.0395249
0.114368
-0.130267
0.0763942
0.000925144
-0.176226
0.120467
-0.116515
-0.132011
0.0796803
0.0466206
0.111285
-0.0947676
-0.113535
-0.054921
-0.168912
0.0787213
-0.108498
0.0852659
-0.140708
-0.0690377
0.0722153
-0.0743832
0.018716
0.0672423
-0.117654
0.0868679
-0.015569
-0.0760259
0.0350407
0.0626122
-0.0286574
0.0157556
0.1526
0.112444
-0.13285
0.0754766
-0.0155312
-0.02576
0.200929
-0.144013
-0.136479
-0.107758
-0.0528647
-0.0689627
0.0657167
0.00444094
0.0941707
-0.0190645
0.159606
0.132724
0.191146
-0.0426714
-0.09196
-0.0321715
0.0527948
0.126184
-0.0120755
-0.0246484
0.0387369
-0.154181
0.165143
-0.0305918
-0.0337057
-0.00293448
-0.0912064
0.0501879
0.148302
0.127396
-0.12163
-0.036014
0.0479948
0.123149
0.0337322
0.125176
0.0911606
0.042876
0.0414722
-0.0667342
-0.173082
-0.0959039
0.12574
0.0399776
-0.0397456
0.120358
0.0380488
-0.105089
-0.0190583
-0.0970033
0.0363351
0.129155
0.172092
0.107174
-0.0669154
0.0524795
-0.0227515
-0.0273873
-0.0774538
0.0151889
-0.0709955
-0.117529
0.00652638
0.133446
-0.118066
0.0166315
0.0831762
-0.0671923
0.0579371
-0.132982
-0.149065
0.0352462
0.0174265
0.00967434
-0.0982303
0.0325824
0.0617006
0.10758
0.0164139
0.108386
-0.0072998
-0.0556466
-0.0660284
0.0364558
0.100213
0.1101
-0.0130547
0.0627694
-0.111494
0.0539564
0.0330178
-0.0778735
0.0467807
0.0388729
-0.00869013
-0.116709
0.00379136
-0.0797271
0.037479
0.0203033
0.0369893
0.087446
0.0877898
-0.190348
0.081261
0.0646488
0.0766345
0.0203371
-0.0637
-0.168648
-0.022828
0.0608572
0.0415944
-0.13852
0.0666678
-0.106654
0.104941
-0.0553178
-0.0896993
-0.127505
0.0828166
0.0525334
-0.0227742
-0.00283755
-0.0785213
0.0652059
0.0610677
-0.108674
0.0721088
0.0983942
0.0260984
-0.152443
-0.0993869
0.144447
0.076339
-0.022373
-0.017013
0.0943785
-0.0179867
0.0445193
-0.0507991
-0.0951598
-0.0374879
0.0864482
-0.109098
0.0580192
0.102496
-0.107779
0.0131308
-0.138983
0.0629419
-0.0191967
0.062763
-0.0739728
0.0269119
-0.00452904
-0.0547604
0.209725
-0.00407599
0.0149843
0.0132145
0.0115534
-0.176854
0.113156
0.0877154
-0.0499881
-0.151597
0.0214175
0.038648
0.0622782
0.151398
-0.118029
-0.015676
-0.0651695
-0.113995
0.0522374
-0.0197757
0.0613207
-0.108824
-0.145829
0.0401235
0.0559837
0.0516472
0.0128696
-0.131862
0.00711479
0.122569
0.0550392
0.0124398
-0.10403
0.0921248
0.12811
-0.10782
0.127161
0.0627539
0.0368216
0.0945445
-0.048715
0.0387971
0.0780119
-0.123265
-0.0514139
-0.00085115
0.078986
0.0318549
0.126181
0.0343046
-0.106875
-0.142146
-0.0146731
-0.0635703
0.134818
-0.0215959
-0.0416927
-0.0859801
0.131925
0.0309379
0.0140217
0.109598
0.0138232
-0.0535005
0.121373
-0.0543307
0.154151
0.0851461
-0.114254
-0.00724976
0.0121245
0.0474998
-0.0268254
0.14691
0.0161918
-0.111252
0.0162961
-0.224789
-0.0567523
0.0569194
0.0551074
0.0354559
-0.126108
-0.00442613
0.0793151
0.0277142
0.20423
-0.0617259
-0.0356723
-0.00727528
-0.00109874
-0.0431758
-0.0670521
0.0282325
0.0388437
0.0722824
0.108994
0.0219133
-0.0372983
-0.159289
-0.0863144
0.0993577
0.0953991
-0.100104
0.117829
-0.0830694
-0.00951775
-0.0727947
-0.15907
-0.00928598
0.0898464
-0.0406322
-0.0895492
0.0638383
-0.0086176
0.137962
-0.0168803
0.0473535
-0.0157972
-0.113739
0.150696
0.000565125
0.0505242
0.0282756
0.0626745
-0.0798088
0.120476
0.0299223
-0.0433418
0.146854
0.0578894
0.0448001
-0.161927
0.0779208
-0.0884971
0.0911307
-0.0995805
-0.101923
0.0343301
-0.0830733
0.0681433
-0.0386688
-0.0650416
0.104393
-0.0717408
0.160196
-0.0541884
0.109372
-0.0408698
0.0796752
-0.0657791
0.0331411
0.0687712
0.0372691
-0.095767
-0.157138
0.00250811
-0.102376
0.0431359
0.0287135
0.109828
8.92993e-05
-0.132825
-0.0285334
0.0925068
0.0623327
0.119529
-0.0888369
0.0232528
-0.0247339
0.0506335
0.104471
0.0728507
-0.0132714
-0.0176293
0.0887833
-0.0717295
-0.121853
0.113544
0.146306
0.052088
0.0920679
-0.0602395
0.0861651
0.0447701
0.114257
-0.09859
0.10376
0.123778
0.0873883
-0.105144
-0.147258
-0.0580266
0.170949
-0.0336796
-0.0305358
0.0321836
-0.14297
-0.0595968
-0.0259097
-0.0618173
0.0238057
-0.234405
0.068985
0.00408251
0.0542298
0.0249831
0.0396741
-0.0249433
-0.05261
0.0681904
-0.02914
0.222985
-0.154461
-0.0335379
0.0972811
0.0139984
0.123207
-0.0902223
-0.00723569
-0.0680218
0.0545538
-0.101901
0.0458678
-0.269286
0.0415007
-0.0799381
0.0315488
0.0750786
0.0328102
-0.036456
-0.115809
-0.0287205
-0.114646
0.0348211
-0.225244
-0.0141341
-0.0354945
-0.0911133
-0.0168846
-0.0184483
0.128445
0.159003
0.154694
-0.0476645
-0.0588681
-0.169852
-0.086354
0.00339042
-0.0766949
0.0553734
-0.00951499
-0.108679
0.0504487
-0.0289381
0.10772
0.0423318
-0.152869
-0.020877
0.0140467
-0.0851757
-0.182636
-0.108319
0.0845894
-0.00260917
0.115077
-0.127596
0.0920886
-0.116497
0.0605657
-0.0693858
0.0889469
0.100962
-0.150447
0.0823606
0.00726687
-0.0437026
-0.132642
-0.0065653
0.081842
0.0537139
-0.062065
-0.104898
-0.0703605
0.146591
0.0643879
0.0419525
0.0382341
0.0319375
0.0694997
-0.059564
0.0119519
-0.122379
0.0371709
0.13005
0.13682
-0.123187
0.0479039
-0.0424505
-0.118912
-0.175224
0.0449724
-0.203868
0.036162
0.11478
-0.0148675
-0.130442
-0.0209634
-0.161413
0.0812958
0.101678
-0.0410187
0.0323236
0.14062
0.0222333
0.124317
-0.0548665
0.0348528
0.0590502
0.0766954
-0.136589
-0.0326986
-0.171441
0.0057135
-0.038885
0.0342657
-0.113746
-0.0229764
0.0114023
-0.0940978
-0.000546691
-0.0655483
0.205818
-0.0328428
0.0356606
0.0574689
0.00204857
0.15764
-0.0431023
0.188785
-0.034003
-0.0541549
-0.0507522
-0.152273
-0.0153835
0.0896767
-0.115993
0.0123114
-0.0370184
0.0184326
0.0789447
0.0381692
-0.127387
0.0838468
-0.00866738
-0.072416
-0.00317453
-0.134854
-0.011523
-0.004062
-0.162059
0.15667
0.129518
-0.0766921
0.129139
0.0403054
-0.0328105
-0.0797816
0.0842574
0.115979
-0.129226
0.127965
-0.00775972
-0.0731447
0.0830557
-0.200613
-0.145608
0.0632381
-0.0408839
0.110158
-0.134562
0.0911849
-0.032074
0.0814592
0.0788141
0.0173011
-0.110865
0.0661396
0.0913122
0.0281228
0.0683821
-0.202625
-0.0348319
0.0468475
-0.0153677
-0.19284
0.0550329
-0.0567288
0.166978
-0.122642
-0.0356803
-0.0811256
0.150001
-0.0398531
-0.0276166
0.00194148
0.0680479
-0.0879976
-0.154984
-0.0170141
0.0752325
-0.0667185
0.0593099
-0.0793894
0.0495175
0.0672846
0.114029
-0.131515
-0.0158577
-0.0801556
0.0358511
-0.0359578
0.118071
0.0197821
-0.122459
-0.12453
-0.0710222
-0.10187
0.101358
0.0441612
0.0156342
0.0671907
-0.0427718
0.0649803
-0.167493
0.0113979
-0.0578383
0.0220185
0.0758035
-0.0338783
-0.158248
-0.0482653
0.0556503
0.0701734
0.0157722
-0.112894
0.00971295
0.0143105
0.0141387
0.112627
-0.0385771
-0.0666411
-0.242736
0.0594152
0.00443328
0.0834052
-0.0751111
0.0981111
0.0607109
0.108375
0.131747
-0.1413
0.0788787
-0.116249
-0.0626159
0.0442044
0.0576216
0.0653781
-0.0541027
-0.16057
-0.162872
0.0340881
0.0156442
-0.0809991
0.0454458
0.0668643
0.0704683
0.0768959
-0.14156
-0.155866
0.122787
-0.106381
-0.0327176
0.103966
0.0190256
0.156426
-0.0131516
-0.0244132
0.0867761
-0.11561
0.159602
0.14043
0.0600686
0.100078
-0.130261
-0.123156
-0.176609
0.01016
0.0434793
0.0413926
-0.0791146
-0.140879
-0.126221
-0.0760843
0.00648802
0.0292696
-0.147309
0.002679
0.0906404
0.177687
0.0201912
-0.0740548
-0.136694
0.0260587
0.0425585
0.0487199
